$ 1 0.000005 10.20027730826997 50 5 50 5e-11
154 528 256 624 256 0 2 5 5
w 400 240 432 240 0
w 400 272 480 272 0
w 480 272 528 272 0
w 432 240 528 240 0
w 432 240 432 352 0
w 432 352 544 352 0
w 480 272 480 320 0
w 480 320 544 320 0
150 544 336 624 336 0 2 0 5
b 400 192 616 381 0
x 446 336 479 339 4 24 HA
L 432 224 368 224 0 0 false 5 0
x 734 320 767 323 4 24 HA
150 832 320 912 320 0 2 0 5
w 768 304 832 304 0
w 768 256 768 304 0
w 720 336 832 336 0
w 720 224 720 336 0
w 720 224 816 224 0
w 768 256 816 256 0
w 688 256 768 256 0
w 688 224 720 224 0
154 816 240 912 240 0 2 5 5
b 703 191 903 364 0
w 624 256 688 256 0
w 432 224 688 224 0
x 360 203 396 206 4 24 Cin
152 944 336 1056 336 0 2 0 5
w 912 320 944 320 0
w 624 336 672 336 0
w 672 336 672 352 0
w 672 352 944 352 0
x 1028 319 1078 322 4 24 Cout
w 912 240 1056 240 0
b 399 177 1031 398 0
b 399 433 1031 654 0
w 912 496 1056 496 0
x 1028 575 1078 578 4 24 Cout
w 672 608 944 608 0
w 672 592 672 608 0
w 624 592 672 592 0
w 912 576 944 576 0
152 944 592 1056 592 0 2 0 5
x 360 459 396 462 4 24 Cin
w 432 480 688 480 0
w 624 512 688 512 0
b 703 447 903 620 0
154 816 496 912 496 0 2 5 5
w 688 480 720 480 0
w 688 512 768 512 0
w 768 512 816 512 0
w 720 480 816 480 0
w 720 480 720 592 0
w 720 592 832 592 0
w 768 512 768 560 0
w 768 560 832 560 0
150 832 576 912 576 0 2 0 5
x 734 576 767 579 4 24 HA
x 446 592 479 595 4 24 HA
b 400 448 616 637 0
150 544 592 624 592 0 2 0 5
w 480 576 544 576 0
w 480 528 480 576 0
w 432 608 544 608 0
w 432 496 432 608 0
w 432 496 528 496 0
w 480 528 528 528 0
w 400 528 480 528 0
w 400 496 432 496 0
154 528 512 624 512 0 2 5 5
b 399 689 1031 910 0
w 912 752 1056 752 0
x 1028 831 1078 834 4 24 Cout
w 672 864 944 864 0
w 672 848 672 864 0
w 624 848 672 848 0
w 912 832 944 832 0
152 944 848 1056 848 0 2 0 5
x 360 715 396 718 4 24 Cin
w 432 736 688 736 0
w 624 768 688 768 0
b 703 703 903 876 0
154 816 752 912 752 0 2 0 5
w 688 736 720 736 0
w 688 768 768 768 0
w 768 768 816 768 0
w 720 736 816 736 0
w 720 736 720 848 0
w 720 848 832 848 0
w 768 768 768 816 0
w 768 816 832 816 0
150 832 832 912 832 0 2 0 5
x 734 832 767 835 4 24 HA
x 446 848 479 851 4 24 HA
b 400 704 616 893 0
150 544 848 624 848 0 2 0 5
w 480 832 544 832 0
w 480 784 480 832 0
w 432 864 544 864 0
w 432 752 432 864 0
w 432 752 528 752 0
w 480 784 528 784 0
w 400 784 480 784 0
w 400 752 432 752 0
154 528 768 624 768 0 2 0 5
b 399 945 1031 1166 0
w 912 1008 1056 1008 0
x 1028 1087 1078 1090 4 24 Cout
w 672 1120 944 1120 0
w 672 1104 672 1120 0
w 624 1104 672 1104 0
w 912 1088 944 1088 0
152 944 1104 1056 1104 0 2 0 5
x 360 971 396 974 4 24 Cin
w 432 992 688 992 0
w 624 1024 688 1024 0
b 703 959 903 1132 0
154 816 1008 912 1008 0 2 0 5
w 688 992 720 992 0
w 688 1024 768 1024 0
w 768 1024 816 1024 0
w 720 992 816 992 0
w 720 992 720 1104 0
w 720 1104 832 1104 0
w 768 1024 768 1072 0
w 768 1072 832 1072 0
150 832 1088 912 1088 0 2 0 5
x 734 1088 767 1091 4 24 HA
x 446 1104 479 1107 4 24 HA
b 400 960 616 1149 0
150 544 1104 624 1104 0 2 0 5
w 480 1088 544 1088 0
w 480 1040 480 1088 0
w 432 1120 544 1120 0
w 432 1008 432 1120 0
w 432 1008 528 1008 0
w 480 1040 528 1040 0
w 400 1040 480 1040 0
w 400 1008 432 1008 0
154 528 1024 624 1024 0 2 0 5
w 1056 336 1056 416 0
w 1056 416 384 416 0
w 384 480 432 480 0
w 384 416 384 480 0
w 1056 592 1056 672 0
w 1056 672 384 672 0
w 384 672 384 736 0
w 384 736 432 736 0
w 1056 848 1056 928 0
w 1056 928 384 928 0
w 384 928 384 992 0
w 384 992 432 992 0
419 1376 416 1520 416 2048 4
419 -224 0 -80 0 3072 4
207 1056 240 1104 240 4 Out0
207 1056 496 1104 496 4 Out1
207 1056 752 1104 752 4 Out2
207 1056 1008 1104 1008 4 Out3
207 1376 416 1328 416 4 Out0
207 1376 448 1328 448 4 Out1
207 1376 480 1328 480 4 Out2
207 1376 512 1328 512 4 Out3
207 400 240 288 240 4 A0
207 400 272 288 272 4 B0
207 400 528 288 528 4 B1
207 400 496 288 496 4 A1
207 400 784 288 784 4 B2
207 400 752 288 752 4 A2
207 400 1040 288 1040 4 B3
207 400 1008 288 1008 4 A3
207 -224 192 -224 240 4 A0
L -224 192 -224 144 0 1 false 5 0
207 -176 192 -176 240 4 A1
L -176 192 -176 144 0 1 false 5 0
207 -128 192 -128 240 4 A2
L -128 192 -128 144 0 0 false 5 0
L -80 192 -80 144 0 0 false 5 0
207 -80 192 -80 240 4 A3
207 -96 96 -48 96 4 A3
207 -96 64 -48 64 4 A2
207 -96 32 -48 32 4 A1
207 -96 0 -48 0 4 A0
207 160 0 208 0 4 B0
207 160 32 208 32 4 B1
207 160 64 208 64 4 B2
207 160 96 208 96 4 B3
207 176 192 176 240 4 B3
L 176 192 176 144 0 0 false 5 0
L 128 192 128 144 0 0 false 5 0
207 128 192 128 240 4 B2
L 80 192 80 144 0 0 false 5 0
207 80 192 80 240 4 B1
L 32 192 32 144 0 0 false 5 0
207 32 192 32 240 4 B0
419 32 0 176 0 3072 4
