$ 1 0.000005 11.086722712598126 64 7 50 5e-11
R 240 64 240 32 0 0 40 5 0 0 0.5
165 176 96 192 96 6 0
g 272 256 272 272 0 0
207 304 160 352 160 4 out
R 304 128 304 96 0 0 40 5 0 0 0.5
R 128 80 128 48 0 0 40 5 0 0 0.5
r 128 80 128 128 0 10000
w 176 128 128 128 0
c 128 224 128 272 4 0.000002 0.004995004995005006 0.001 0
w 128 192 128 224 0
g 128 272 128 288 0 0
s 48 192 80 192 0 1 true
L 48 192 16 192 0 1 false 5 0
w 176 224 128 224 0
w 128 128 128 192 0
I 96 192 176 192 0 0.5 5
w 80 192 96 192 0
o 3 128 0 4098 5 0.1 0 2 3 3
