$ 1 0.000005 18.278915558614752 82 5 50 5e-11
R 176 112 176 144 0 0 40 5 0 0 0.5
r 128 192 128 240 0 1000
r 224 192 224 240 0 1000
w 224 288 304 288 0
w 368 288 448 288 0
w 448 288 448 320 0
w 448 320 432 320 0
w 448 320 464 320 0
w 432 320 432 352 0
w 464 320 496 320 0
w 496 320 496 368 0
w 496 400 496 464 0
w 496 464 432 464 0
w 432 464 432 432 0
w 432 384 320 384 0
w 176 128 128 128 0
w 128 128 128 192 0
w 176 128 224 128 0
w 224 128 224 192 0
t 160 320 192 320 0 1 3.199073748960668e-10 -0.000999999328160143 100 default
w 192 304 224 304 0
w 224 304 224 288 0
w 224 288 224 240 0
w 128 240 128 320 0
w 128 320 160 320 0
w 128 320 80 320 0
w 48 320 16 320 0
w 16 320 16 544 0
w 464 464 464 544 0
w 16 544 464 544 0
w 192 336 224 336 0
w 224 336 224 352 0
r 224 352 224 416 0 1000
w 128 320 128 368 0
r 128 368 128 416 0 1000
w 128 416 128 432 0
w 128 432 256 432 0
w 224 416 224 432 0
w 224 432 224 464 0
g 224 464 224 496 0 0
w 224 336 288 336 0
w 256 432 288 432 0
209 48 320 80 320 4 0.00001 0.0009999999999978407 0.001 0 1
209 304 288 368 288 4 0.00001 0.0003333333150281187 0.001 0 1
209 432 352 432 384 4 0.00001 -0.00033333379484108325 0.001 0 1
209 432 384 432 432 4 0.00001 0.0003333328899654661 0.001 0 1
209 288 368 288 400 4 0.00001 0.0009999991682545534 0.001 0 1
w 288 336 288 368 0
w 288 432 288 400 0
w 288 400 320 400 0
w 320 400 320 384 0
l 496 368 496 400 0 1 1.9134005938661276e-12 0
