$ 1 0.000005 10.20027730826997 50 5 50 5e-11
w 1216 672 1216 640 0
w 672 672 1216 672 0
w 1216 384 1216 640 0
w 1248 384 1216 384 0
w 2176 384 1248 384 0
w 2176 496 2176 384 0
w 1248 560 1248 880 0
w 672 560 1248 560 0
155 1536 496 1552 496 0 0
150 1840 560 1936 560 0 2 0 5
150 1840 800 1936 800 0 2 0 5
152 2016 816 2128 816 0 2 0 5
I 1936 672 1840 672 0 0.5 5
162 1696 496 1696 400 2 default-led 1 0 0 0.01
x 1065 841 1307 844 4 10 INPUT\sMove_L\s(left\stile\swants\sto\spush\san\sitem\sinto\sme)
x 2084 654 2257 657 4 10 INPUT\sQi_right\s(state\sof\sright\sneighbor)
x 1628 482 1638 485 4 10 Qi
x 1515 486 1546 489 4 10 D_next
x 2083 550 2287 553 4 10 OUTPUT\sMove_R\s(to\sright\sneighbor's\sMove_L
x 2079 473 2307 476 4 10 Qi_out\s(to\sright\sneighbor's\sQi_left\s(its\sinput\sQi_right)
w 1632 496 1696 496 0
r 1696 400 1696 336 0 2000
g 1696 336 1696 288 0 0
w 1760 496 2176 496 0
w 1760 544 1840 544 0
w 2176 672 1936 672 0
x 1828 646 1956 649 4 10 nQi_right\s(right\snot\soccupied)
w 1840 672 1760 672 0
w 1760 672 1760 576 0
w 1760 576 1840 576 0
x 1801 524 1992 527 4 10 AND\s\h1\s(Move_R\s\q\sQi\sAND\s(NOT\sQi_right)
x 1801 763 1954 766 4 10 AND\s\h2\s(stay_i\s\q\sQi\sAND\sQi_right)
w 1696 496 1712 496 0
w 1712 496 1760 496 0
w 1696 496 1696 544 0
w 1696 544 1760 544 0
w 1696 544 1696 784 0
x 1920 789 1946 792 4 10 stay_i
w 1696 784 1696 816 0
w 1696 816 1840 816 0
w 1936 672 1936 720 0
w 1936 720 1760 720 0
w 1760 720 1760 784 0
w 1760 784 1840 784 0
w 1936 800 2016 800 0
x 2016 775 2141 778 4 10 D_next\s\q\sstay_i\sOR\sMove_L
x 2107 807 2138 810 4 10 D_next
w 1248 880 2016 880 0
w 2016 832 2016 880 0
w 2128 816 2128 928 0
w 2128 928 1328 928 0
w 1328 928 1328 496 0
w 1536 496 1328 496 0
w 1936 560 2176 560 0
w 432 560 672 560 0
w 32 496 -176 496 0
w -176 928 -176 496 0
w 624 928 -176 928 0
w 624 816 624 928 0
w 512 832 512 880 0
w -256 880 512 880 0
x 603 807 634 810 4 10 D_next
x 512 775 637 778 4 10 D_next\s\q\sstay_i\sOR\sMove_L
w 432 800 512 800 0
w 256 784 336 784 0
w 256 720 256 784 0
w 432 720 256 720 0
w 432 672 432 720 0
w 192 816 336 816 0
w 192 784 192 816 0
x 416 789 442 792 4 10 stay_i
w 192 544 192 784 0
w 192 544 256 544 0
w 192 496 192 544 0
w 208 496 256 496 0
w 192 496 208 496 0
x 297 763 450 766 4 10 AND\s\h2\s(stay_i\s\q\sQi\sAND\sQi_right)
x 297 524 488 527 4 10 AND\s\h1\s(Move_R\s\q\sQi\sAND\s(NOT\sQi_right)
w 256 576 336 576 0
w 256 672 256 576 0
w 336 672 256 672 0
x 324 646 452 649 4 10 nQi_right\s(right\snot\soccupied)
w 672 672 432 672 0
w 256 544 336 544 0
w 256 496 672 496 0
g 192 336 192 288 0 0
r 192 400 192 336 0 2000
x 575 473 803 476 4 10 Qi_out\s(to\sright\sneighbor's\sQi_left\s(its\sinput\sQi_right)
x 579 550 783 553 4 10 OUTPUT\sMove_R\s(to\sright\sneighbor's\sMove_L
x 11 486 42 489 4 10 D_next
x 124 482 134 485 4 10 Qi
x 580 654 753 657 4 10 INPUT\sQi_right\s(state\sof\sright\sneighbor)
x -439 841 -197 844 4 10 INPUT\sMove_L\s(left\stile\swants\sto\spush\san\sitem\sinto\sme)
162 192 496 192 400 2 default-led 1 0 0 0.01
L -256 880 -352 880 0 0 false 5 0
R -320 528 -464 528 1 2 100 2.5 2.5 0 0.5
I 432 672 336 672 0 0.5 5
152 512 816 624 816 0 2 0 5
150 336 800 432 800 0 2 0 5
150 336 560 432 560 0 2 0 5
155 32 496 48 496 0 0
L 2576 672 2656 672 0 0 false 5 0
x 2570 643 2696 646 4 10 DUMMY\sOCCUPIED\sSTATE
w 2176 672 2576 672 0
w 128 496 192 496 0
w -320 528 32 528 0
w 1536 528 2176 528 0
w 32 528 672 528 0
w 672 528 1536 528 0
x 662 517 681 520 4 10 CLK
x 2166 517 2185 520 4 10 CLK
x 1782 1397 1801 1400 4 10 CLK
w 288 1408 1152 1408 0
w 1152 1408 1792 1408 0
w 1792 1552 2192 1552 0
x 2186 1523 2312 1526 4 10 DUMMY\sOCCUPIED\sSTATE
L 2192 1552 2272 1552 0 0 false 5 0
w 1552 1440 1792 1440 0
w 1152 1376 944 1376 0
w 944 1696 944 1376 0
w 864 1760 1152 1760 0
x 1029 1687 1060 1690 4 10 D_next
x 1028 1650 1153 1653 4 10 D_next\s\q\sstay_i\sOR\sMove_L
w 1376 1600 1376 1664 0
w 1552 1600 1376 1600 0
w 1552 1552 1552 1600 0
x 1168 1667 1194 1670 4 10 stay_i
w 1312 1424 1312 1664 0
w 1312 1424 1376 1424 0
w 1312 1376 1312 1424 0
w 1328 1376 1376 1376 0
w 1312 1376 1328 1376 0
x 1171 1644 1324 1647 4 10 AND\s\h2\s(stay_i\s\q\sQi\sAND\sQi_right)
x 1417 1404 1608 1407 4 10 AND\s\h1\s(Move_R\s\q\sQi\sAND\s(NOT\sQi_right)
w 1376 1456 1456 1456 0
w 1376 1552 1376 1456 0
w 1456 1552 1376 1552 0
x 1444 1526 1572 1529 4 10 nQi_right\s(right\snot\soccupied)
w 1792 1552 1552 1552 0
w 1376 1424 1456 1424 0
g 1376 1216 1376 1168 0 0
r 1376 1280 1376 1216 0 2000
w 1248 1376 1312 1376 0
x 494 1290 766 1293 4 10 OUTPUT\sQi_out\s(to\sright\sneighbor's\sQi_left\s(its\sinput\sQi_right)
x 1699 1430 1903 1433 4 10 OUTPUT\sMove_R\s(to\sright\sneighbor's\sMove_L
x 1131 1366 1162 1369 4 10 D_next
x 1244 1362 1254 1365 4 10 Qi
x 1700 1534 1873 1537 4 10 INPUT\sQi_right\s(state\sof\sright\sneighbor)
x 604 1692 846 1695 4 10 INPUT\sMove_L\s(left\stile\swants\sto\spush\san\sitem\sinto\sme)
162 1376 1376 1376 1280 2 default-led 1 0 0 0.01
I 1552 1552 1456 1552 0 0.5 5
152 1152 1696 1040 1696 0 2 0 5
150 1264 1680 1168 1680 0 2 0 5
150 1456 1440 1552 1440 0 2 0 5
155 1152 1376 1168 1376 0 0
w 288 1664 864 1664 0
w 864 1664 864 1760 0
w 288 1312 832 1312 0
w 1312 1664 1264 1664 0
w 1376 1664 1376 1696 0
w 1376 1696 1264 1696 0
w 1168 1680 1152 1680 0
w 1040 1696 944 1696 0
w 1152 1760 1152 1712 0
w 832 1312 1312 1312 0
w 1312 1312 1312 1376 0
w 1072 2720 1072 2672 0
w 960 2656 912 2656 0
w 1088 2640 1072 2640 0
w 1424 2656 1184 2656 0
w 1232 2624 1184 2624 0
w 256 2656 704 2656 0
w 208 2720 784 2720 0
155 816 2592 832 2592 3072 0
150 1376 2400 1472 2400 0 2 0 5
150 1184 2640 1088 2640 0 2 0 5
152 1072 2656 960 2656 0 2 0 5
I 1424 2512 1328 2512 0 0.5 5
162 704 2656 704 2560 2 default-led 1 0 0 0.01
x 244 2696 486 2699 4 10 INPUT\sMove_L\s(left\stile\swants\sto\spush\san\sitem\sinto\sme)
x 1620 2494 1793 2497 4 10 INPUT\sQi_right\s(state\sof\sright\sneighbor)
x 808 2670 818 2673 4 10 Qi
x 884 2683 915 2686 4 10 D_next
x 1573 2386 1777 2389 4 10 OUTPUT\sMove_R\s(to\sright\sneighbor's\sMove_L
x 291 2634 563 2637 4 10 OUTPUT\sQi_out\s(to\sright\sneighbor's\sQi_left\s(its\sinput\sQi_right)
r 704 2560 704 2496 0 2000
g 704 2496 704 2448 0 0
w 1296 2384 1376 2384 0
w 1664 2512 1424 2512 0
x 1364 2486 1492 2489 4 10 nQi_right\s(right\snot\soccupied)
w 1328 2512 1296 2512 0
w 1296 2512 1296 2416 0
w 1296 2416 1376 2416 0
x 1337 2364 1528 2367 4 10 AND\s\h1\s(Move_R\s\q\sQi\sAND\s(NOT\sQi_right)
x 1091 2604 1244 2607 4 10 AND\s\h2\s(stay_i\s\q\sQi\sAND\sQi_right)
w 1232 2384 1296 2384 0
w 1232 2512 1232 2624 0
x 1088 2627 1114 2630 4 10 stay_i
w 1424 2512 1424 2656 0
x 948 2610 1073 2613 4 10 D_next\s\q\sstay_i\sOR\sMove_L
x 949 2647 980 2650 4 10 D_next
w 784 2720 1072 2720 0
w 1472 2400 1664 2400 0
L 2096 2512 2176 2512 0 0 false 5 0
x 2106 2483 2232 2486 4 10 DUMMY\sOCCUPIED\sSTATE
w 1664 2512 2096 2512 0
w 816 2656 800 2656 0
w 800 2656 800 2512 0
w 800 2512 1232 2512 0
w 800 2512 800 2384 0
w 800 2384 1232 2384 0
w 704 2656 800 2656 0
