$ 1 0.000005 10.20027730826997 50 5 50 5e-11
w 1216 672 1216 640 0
w 672 672 1216 672 0
w 1216 384 1216 640 0
w 1248 384 1216 384 0
w 2176 384 1248 384 0
w 2176 496 2176 384 0
w 1248 560 1248 880 0
w 672 560 1248 560 0
155 1536 496 1552 496 0 0
150 1840 560 1936 560 0 2 0 5
150 1840 800 1936 800 0 2 0 5
152 2016 816 2128 816 0 2 0 5
I 1936 672 1840 672 0 0.5 5
162 1696 496 1696 400 2 default-led 1 0 0 0.01
x 1065 841 1307 844 4 10 INPUT\sMove_L\s(left\stile\swants\sto\spush\san\sitem\sinto\sme)
x 2084 654 2257 657 4 10 INPUT\sQi_right\s(state\sof\sright\sneighbor)
x 1628 482 1638 485 4 10 Qi
x 1515 486 1546 489 4 10 D_next
x 2083 550 2287 553 4 10 OUTPUT\sMove_R\s(to\sright\sneighbor's\sMove_L
x 2079 473 2307 476 4 10 Qi_out\s(to\sright\sneighbor's\sQi_left\s(its\sinput\sQi_right)
w 1632 496 1696 496 0
r 1696 400 1696 336 0 1000
w 1760 496 2176 496 0
w 1760 544 1840 544 0
w 2176 672 1936 672 0
x 1828 646 1956 649 4 10 nQi_right\s(right\snot\soccupied)
w 1840 672 1760 672 0
w 1760 672 1760 576 0
w 1760 576 1840 576 0
x 1801 524 1992 527 4 10 AND\s\h1\s(Move_R\s\q\sQi\sAND\s(NOT\sQi_right)
x 1801 763 1954 766 4 10 AND\s\h2\s(stay_i\s\q\sQi\sAND\sQi_right)
w 1696 496 1712 496 0
w 1712 496 1760 496 0
w 1696 496 1696 544 0
w 1696 544 1760 544 0
w 1696 544 1696 784 0
x 1920 789 1946 792 4 10 stay_i
w 1696 784 1696 816 0
w 1696 816 1840 816 0
w 1936 672 1936 720 0
w 1936 720 1760 720 0
w 1760 720 1760 784 0
w 1760 784 1840 784 0
w 1936 800 2016 800 0
x 2016 775 2141 778 4 10 D_next\s\q\sstay_i\sOR\sMove_L
x 2107 807 2138 810 4 10 D_next
w 1248 880 2016 880 0
w 2016 832 2016 880 0
w 2128 816 2128 928 0
w 2128 928 1328 928 0
w 1328 928 1328 496 0
w 1536 496 1328 496 0
w 1936 560 2176 560 0
w 432 560 672 560 0
w 32 496 -176 496 0
w -176 928 -176 496 0
w 624 928 -176 928 0
w 624 816 624 928 0
w 512 832 512 880 0
w -256 880 512 880 0
x 603 807 634 810 4 10 D_next
x 512 775 637 778 4 10 D_next\s\q\sstay_i\sOR\sMove_L
w 432 800 512 800 0
w 256 784 336 784 0
w 256 720 256 784 0
w 432 720 256 720 0
w 432 672 432 720 0
w 192 816 336 816 0
w 192 784 192 816 0
x 416 789 442 792 4 10 stay_i
w 192 544 192 784 0
w 192 544 256 544 0
w 192 496 192 544 0
w 208 496 256 496 0
w 192 496 208 496 0
x 297 763 450 766 4 10 AND\s\h2\s(stay_i\s\q\sQi\sAND\sQi_right)
x 297 524 488 527 4 10 AND\s\h1\s(Move_R\s\q\sQi\sAND\s(NOT\sQi_right)
w 256 576 336 576 0
w 256 672 256 576 0
w 336 672 256 672 0
x 324 646 452 649 4 10 nQi_right\s(right\snot\soccupied)
w 672 672 432 672 0
w 256 544 336 544 0
w 256 496 672 496 0
r 192 400 192 336 0 1000
x 575 473 803 476 4 10 Qi_out\s(to\sright\sneighbor's\sQi_left\s(its\sinput\sQi_right)
x 579 550 783 553 4 10 OUTPUT\sMove_R\s(to\sright\sneighbor's\sMove_L
x 11 486 42 489 4 10 D_next
x 124 482 134 485 4 10 Qi
x 580 654 753 657 4 10 INPUT\sQi_right\s(state\sof\sright\sneighbor)
x -439 841 -197 844 4 10 INPUT\sMove_L\s(left\stile\swants\sto\spush\san\sitem\sinto\sme)
162 192 496 192 400 2 default-led 1 0 0 0.01
L -256 880 -352 880 0 0 false 5 0
R -320 528 -464 528 1 2 100 2.5 2.5 0 0.5
I 432 672 336 672 0 0.5 5
152 512 816 624 816 0 2 0 5
150 336 800 432 800 0 2 0 5
150 336 560 432 560 0 2 0 5
155 32 496 48 496 0 0
x 2570 643 2696 646 4 10 DUMMY\sOCCUPIED\sSTATE
w 2176 672 2576 672 0
w 128 496 192 496 0
w -320 528 32 528 0
w 1536 528 2176 528 0
w 32 528 672 528 0
w 672 528 1536 528 0
x 662 517 681 520 4 10 CLK
x 2166 517 2185 520 4 10 CLK
x 1750 2661 1769 2664 4 10 CLK
w 256 2672 1120 2672 0
w 1120 2672 1760 2672 0
w 1760 2816 2160 2816 0
x 2154 2787 2280 2790 4 10 DUMMY\sOCCUPIED\sSTATE
L 2160 2816 2240 2816 0 0 false 5 0
w 1520 2704 1760 2704 0
w 1120 2640 912 2640 0
w 912 2960 912 2640 0
w 832 3024 1120 3024 0
x 997 2951 1028 2954 4 10 D_next
x 996 2914 1121 2917 4 10 D_next\s\q\sstay_i\sOR\sMove_L
w 1344 2864 1344 2928 0
w 1520 2864 1344 2864 0
w 1520 2816 1520 2864 0
x 1136 2931 1162 2934 4 10 stay_i
w 1280 2688 1280 2928 0
w 1280 2688 1344 2688 0
w 1280 2640 1280 2688 0
w 1296 2640 1344 2640 0
w 1280 2640 1296 2640 0
x 1139 2908 1292 2911 4 10 AND\s\h2\s(stay_i\s\q\sQi\sAND\sQi_right)
x 1385 2668 1576 2671 4 10 AND\s\h1\s(Move_R\s\q\sQi\sAND\s(NOT\sQi_right)
w 1344 2720 1424 2720 0
w 1344 2816 1344 2720 0
w 1424 2816 1344 2816 0
x 1412 2790 1540 2793 4 10 nQi_right\s(right\snot\soccupied)
w 1760 2816 1520 2816 0
w 1344 2688 1424 2688 0
g 1344 2480 1344 2432 0 0
r 1344 2544 1344 2480 0 2000
w 1216 2640 1280 2640 0
x 462 2554 734 2557 4 10 OUTPUT\sQi_out\s(to\sright\sneighbor's\sQi_left\s(its\sinput\sQi_right)
x 1667 2694 1871 2697 4 10 OUTPUT\sMove_R\s(to\sright\sneighbor's\sMove_L
x 1099 2630 1130 2633 4 10 D_next
x 1212 2626 1222 2629 4 10 Qi
x 1668 2798 1841 2801 4 10 INPUT\sQi_right\s(state\sof\sright\sneighbor)
x 572 2956 814 2959 4 10 INPUT\sMove_L\s(left\stile\swants\sto\spush\san\sitem\sinto\sme)
162 1344 2640 1344 2544 2 default-led 1 0 0 0.01
I 1520 2816 1424 2816 0 0.5 5
152 1120 2960 1008 2960 0 2 0 5
150 1232 2944 1136 2944 0 2 0 5
150 1424 2704 1520 2704 0 2 0 5
155 1120 2640 1136 2640 0 0
w 256 2928 832 2928 0
w 832 2928 832 3024 0
w 256 2576 800 2576 0
w 1280 2928 1232 2928 0
w 1344 2928 1344 2960 0
w 1344 2960 1232 2960 0
w 1136 2944 1120 2944 0
w 1008 2960 912 2960 0
w 1120 3024 1120 2976 0
w 800 2576 1280 2576 0
w 1280 2576 1280 2640 0
w 1120 3504 1120 3456 0
w 1008 3440 960 3440 0
w 1136 3424 1120 3424 0
w 1472 3440 1232 3440 0
w 1280 3408 1232 3408 0
w 304 3440 752 3440 0
w 256 3504 832 3504 0
155 864 3376 880 3376 3072 0
150 1424 3184 1520 3184 0 2 0 5
150 1232 3424 1136 3424 0 2 0 5
152 1120 3440 1008 3440 0 2 0 5
I 1472 3296 1376 3296 0 0.5 5
162 752 3440 752 3344 2 default-led 1 0 0 0.01
x 292 3480 534 3483 4 10 INPUT\sMove_L\s(left\stile\swants\sto\spush\san\sitem\sinto\sme)
x 1668 3278 1841 3281 4 10 INPUT\sQi_right\s(state\sof\sright\sneighbor)
x 856 3454 866 3457 4 10 Qi
x 932 3467 963 3470 4 10 D_next
x 1621 3170 1825 3173 4 10 OUTPUT\sMove_R\s(to\sright\sneighbor's\sMove_L
x 339 3418 611 3421 4 10 OUTPUT\sQi_out\s(to\sright\sneighbor's\sQi_left\s(its\sinput\sQi_right)
r 752 3344 752 3280 0 2000
g 752 3280 752 3232 0 0
w 1344 3168 1424 3168 0
w 1712 3296 1472 3296 0
x 1412 3270 1540 3273 4 10 nQi_right\s(right\snot\soccupied)
w 1376 3296 1344 3296 0
w 1344 3296 1344 3200 0
w 1344 3200 1424 3200 0
x 1385 3148 1576 3151 4 10 AND\s\h1\s(Move_R\s\q\sQi\sAND\s(NOT\sQi_right)
x 1139 3388 1292 3391 4 10 AND\s\h2\s(stay_i\s\q\sQi\sAND\sQi_right)
w 1280 3168 1344 3168 0
w 1280 3296 1280 3408 0
x 1136 3411 1162 3414 4 10 stay_i
w 1472 3296 1472 3440 0
x 996 3394 1121 3397 4 10 D_next\s\q\sstay_i\sOR\sMove_L
x 997 3431 1028 3434 4 10 D_next
w 832 3504 1120 3504 0
w 1520 3184 1712 3184 0
L 2144 3296 2224 3296 0 0 false 5 0
x 2154 3267 2280 3270 4 10 DUMMY\sOCCUPIED\sSTATE
w 1712 3296 2144 3296 0
w 864 3440 848 3440 0
w 848 3440 848 3296 0
w 848 3296 1280 3296 0
w 848 3296 848 3168 0
w 848 3168 1280 3168 0
w 752 3440 848 3440 0
R -64 416 -336 416 0 0 40 5 0 0 0.5
w -64 416 672 416 0
g -176 352 -304 352 0 0
w -176 352 672 352 0
x 649 404 664 407 4 10 vcc
x 649 340 665 343 4 10 gnd
w 192 336 192 304 0
w 272 256 272 160 0
w 1696 208 320 208 0
w 320 208 320 160 0
x 3609 404 3625 407 4 10 gnd
x 3609 468 3624 471 4 10 vcc
w 2784 416 3632 416 0
g 2784 416 2656 416 0 0
w 2896 480 3632 480 0
R 2896 480 2624 480 0 0 40 5 0 0 0.5
x 3622 581 3641 584 4 10 CLK
w 3632 592 3904 592 0
w 2992 592 3632 592 0
w 2640 592 2992 592 0
w 3088 560 3152 560 0
155 2992 560 3008 560 0 0
150 3296 624 3392 624 0 2 0 5
150 3296 864 3392 864 0 2 0 5
152 3472 880 3584 880 0 2 0 5
I 3392 736 3296 736 0 0.5 5
162 3152 560 3152 464 2 default-led 1 0 0 0.01
x 2521 905 2763 908 4 10 INPUT\sMove_L\s(left\stile\swants\sto\spush\san\sitem\sinto\sme)
x 3540 718 3713 721 4 10 INPUT\sQi_right\s(state\sof\sright\sneighbor)
x 3084 546 3094 549 4 10 Qi
x 2971 550 3002 553 4 10 D_next
x 3539 614 3743 617 4 10 OUTPUT\sMove_R\s(to\sright\sneighbor's\sMove_L
x 3535 537 3763 540 4 10 Qi_out\s(to\sright\sneighbor's\sQi_left\s(its\sinput\sQi_right)
r 3152 464 3152 400 0 1000
w 3216 560 3632 560 0
w 3216 608 3296 608 0
w 3632 736 3392 736 0
x 3284 710 3412 713 4 10 nQi_right\s(right\snot\soccupied)
w 3296 736 3216 736 0
w 3216 736 3216 640 0
w 3216 640 3296 640 0
x 3257 588 3448 591 4 10 AND\s\h1\s(Move_R\s\q\sQi\sAND\s(NOT\sQi_right)
x 3257 827 3410 830 4 10 AND\s\h2\s(stay_i\s\q\sQi\sAND\sQi_right)
w 3152 560 3168 560 0
w 3168 560 3216 560 0
w 3152 560 3152 608 0
w 3152 608 3216 608 0
w 3152 608 3152 848 0
x 3376 853 3402 856 4 10 stay_i
w 3152 848 3152 880 0
w 3152 880 3296 880 0
w 3392 736 3392 784 0
w 3392 784 3216 784 0
w 3216 784 3216 848 0
w 3216 848 3296 848 0
w 3392 864 3472 864 0
x 3472 839 3597 842 4 10 D_next\s\q\sstay_i\sOR\sMove_L
x 3563 871 3594 874 4 10 D_next
w 2704 944 3472 944 0
w 3472 896 3472 944 0
w 3584 880 3584 992 0
w 3584 992 2784 992 0
w 2784 992 2784 560 0
w 2992 560 2784 560 0
w 3392 624 3632 624 0
w 3632 624 3888 624 0
w 3632 736 3872 720 0
w 2176 528 2640 592 0
w 2176 560 2704 944 0
w 3632 560 2576 672 0
w 5216 544 4160 656 0
w 5216 720 5760 720 0
w 5216 608 5792 608 0
w 4976 608 5216 608 0
w 4576 544 4368 544 0
w 4368 976 4368 544 0
w 5168 976 4368 976 0
w 5168 864 5168 976 0
w 5056 880 5056 928 0
w 4288 928 5056 928 0
x 5147 855 5178 858 4 10 D_next
x 5056 823 5181 826 4 10 D_next\s\q\sstay_i\sOR\sMove_L
w 4976 848 5056 848 0
w 4800 832 4880 832 0
w 4800 768 4800 832 0
w 4976 768 4800 768 0
w 4976 720 4976 768 0
w 4736 864 4880 864 0
w 4736 832 4736 864 0
x 4960 837 4986 840 4 10 stay_i
w 4736 592 4736 832 0
w 4736 592 4800 592 0
w 4736 544 4736 592 0
w 4752 544 4800 544 0
w 4736 544 4752 544 0
x 4841 811 4994 814 4 10 AND\s\h2\s(stay_i\s\q\sQi\sAND\sQi_right)
x 4841 572 5032 575 4 10 AND\s\h1\s(Move_R\s\q\sQi\sAND\s(NOT\sQi_right)
w 4800 624 4880 624 0
w 4800 720 4800 624 0
w 4880 720 4800 720 0
x 4868 694 4996 697 4 10 nQi_right\s(right\snot\soccupied)
w 5216 720 4976 720 0
w 4800 592 4880 592 0
w 4800 544 5216 544 0
r 4736 448 4736 384 0 1000
x 5119 521 5347 524 4 10 Qi_out\s(to\sright\sneighbor's\sQi_left\s(its\sinput\sQi_right)
x 5123 598 5327 601 4 10 OUTPUT\sMove_R\s(to\sright\sneighbor's\sMove_L
x 4555 534 4586 537 4 10 D_next
x 4668 530 4678 533 4 10 Qi
x 5124 702 5297 705 4 10 INPUT\sQi_right\s(state\sof\sright\sneighbor)
x 4105 889 4347 892 4 10 INPUT\sMove_L\s(left\stile\swants\sto\spush\san\sitem\sinto\sme)
162 4736 544 4736 448 2 default-led 1 0 0 0.01
I 4976 720 4880 720 0 0.5 5
152 5056 864 5168 864 0 2 0 5
150 4880 848 4976 848 0 2 0 5
150 4880 608 4976 608 0 2 0 5
155 4576 544 4592 544 0 0
w 4672 544 4736 544 0
w 4224 576 4576 576 0
w 4576 576 5216 576 0
w 5216 576 6080 576 0
x 5206 565 5225 568 4 10 CLK
R 4480 464 4208 464 0 0 40 5 0 0 0.5
w 4480 464 5216 464 0
g 4368 400 4240 400 0 0
w 4368 400 5216 400 0
x 5193 452 5208 455 4 10 vcc
x 5193 388 5209 391 4 10 gnd
x 4154 627 4280 630 4 10 DUMMY\sOCCUPIED\sSTATE
w 3888 624 4288 928 0
w 4160 656 3872 720 0
w 3904 592 4224 576 0
w 352 160 352 192 0
w 352 192 3152 208 0
w 400 160 400 176 0
w 400 176 4544 192 0
w 4544 192 4736 192 0
162 272 160 272 64 2 default-led 1 0 0 0.01
162 320 160 320 64 2 default-led 1 0 0 0.01
162 352 160 352 64 2 default-led 1 0 0 0.01
162 400 160 400 64 2 default-led 1 0 0 0.01
g 320 -16 320 -64 0 0
w 272 64 320 -16 0
w 320 64 320 -16 0
w 352 64 320 -16 0
w 400 64 320 -16 0
x 202 323 260 326 4 24 vfade
x 1769 336 1827 339 4 24 vfade
x 3169 395 3227 398 4 24 vfade
x 4657 381 4715 384 4 24 vfade
c 32 304 192 304 4 0.000009999999999999999 -1.1681702436835513 0.001 0
g 32 304 0 304 0 0
g 1536 336 1504 336 0 0
c 1536 336 1696 336 4 0.000009999999999999999 -1.1867551089789938 0.001 0
g 2976 352 2944 352 0 0
c 2976 352 3136 352 4 0.000009999999999999999 -1.2097953640068229 0.001 0
w 3152 400 3152 352 0
w 3136 352 3152 352 0
g 4576 352 4544 352 0 0
c 4576 352 4736 352 4 0.000009999999999999999 -1.2401239508562463 0.001 0
w 4736 384 4736 352 0
w 192 304 272 304 0
w 272 256 272 304 0
w 1696 208 1696 336 0
w 3152 352 3152 208 0
w 4736 192 4736 352 0
