$ 1 0.000005 10.20027730826997 50 5 50 5e-11
w 1216 672 1216 640 0
w 672 672 1216 672 0
w 1216 384 1216 640 0
w 1248 384 1216 384 0
w 2176 384 1248 384 0
w 2176 496 2176 384 0
w 1248 560 1248 880 0
w 672 560 1248 560 0
155 1536 496 1552 496 0 0
150 1840 560 1936 560 0 2 0 5
150 1840 800 1936 800 0 2 0 5
152 2016 816 2128 816 0 2 0 5
I 1936 672 1840 672 0 0.5 5
R 1536 528 1392 528 1 2 100 2.5 2.5 0 0.5
162 1696 496 1696 400 2 default-led 1 0 0 0.01
x 1065 841 1307 844 4 10 INPUT\sMove_L\s(left\stile\swants\sto\spush\san\sitem\sinto\sme)
x 2084 654 2257 657 4 10 INPUT\sQi_right\s(state\sof\sright\sneighbor)
x 1628 482 1638 485 4 10 Qi
x 1515 486 1546 489 4 10 D_next
x 2083 550 2287 553 4 10 OUTPUT\sMove_R\s(to\sright\sneighbor's\sMove_L
x 2079 473 2307 476 4 10 Qi_out\s(to\sright\sneighbor's\sQi_left\s(its\sinput\sQi_right)
w 1632 496 1696 496 0
r 1696 400 1696 336 0 2000
g 1696 336 1696 288 0 0
w 1760 496 2176 496 0
w 1760 544 1840 544 0
w 2176 672 1936 672 0
x 1828 646 1956 649 4 10 nQi_right\s(right\snot\soccupied)
w 1840 672 1760 672 0
w 1760 672 1760 576 0
w 1760 576 1840 576 0
x 1801 524 1992 527 4 10 AND\s\h1\s(Move_R\s\q\sQi\sAND\s(NOT\sQi_right)
x 1801 763 1954 766 4 10 AND\s\h2\s(stay_i\s\q\sQi\sAND\sQi_right)
w 1696 496 1712 496 0
w 1712 496 1760 496 0
w 1696 496 1696 544 0
w 1696 544 1760 544 0
w 1696 544 1696 784 0
x 1920 789 1946 792 4 10 stay_i
w 1696 784 1696 816 0
w 1696 816 1840 816 0
w 1936 672 1936 720 0
w 1936 720 1760 720 0
w 1760 720 1760 784 0
w 1760 784 1840 784 0
w 1936 800 2016 800 0
x 2016 775 2141 778 4 10 D_next\s\q\sstay_i\sOR\sMove_L
x 2107 807 2138 810 4 10 D_next
w 1248 880 2016 880 0
w 2016 832 2016 880 0
w 2128 816 2128 928 0
w 2128 928 1328 928 0
w 1328 928 1328 496 0
w 1536 496 1328 496 0
w 1936 560 2176 560 0
w 432 560 672 560 0
w 32 496 -176 496 0
w -176 928 -176 496 0
w 624 928 -176 928 0
w 624 816 624 928 0
w 512 832 512 880 0
w -256 880 512 880 0
x 603 807 634 810 4 10 D_next
x 512 775 637 778 4 10 D_next\s\q\sstay_i\sOR\sMove_L
w 432 800 512 800 0
w 256 784 336 784 0
w 256 720 256 784 0
w 432 720 256 720 0
w 432 672 432 720 0
w 192 816 336 816 0
w 192 784 192 816 0
x 416 789 442 792 4 10 stay_i
w 192 544 192 784 0
w 192 544 256 544 0
w 192 496 192 544 0
w 208 496 256 496 0
w 192 496 208 496 0
x 297 763 450 766 4 10 AND\s\h2\s(stay_i\s\q\sQi\sAND\sQi_right)
x 297 524 488 527 4 10 AND\s\h1\s(Move_R\s\q\sQi\sAND\s(NOT\sQi_right)
w 256 576 336 576 0
w 256 672 256 576 0
w 336 672 256 672 0
x 324 646 452 649 4 10 nQi_right\s(right\snot\soccupied)
w 672 672 432 672 0
w 256 544 336 544 0
w 256 496 672 496 0
g 192 336 192 288 0 0
r 192 400 192 336 0 2000
w 128 496 192 496 0
x 575 473 803 476 4 10 Qi_out\s(to\sright\sneighbor's\sQi_left\s(its\sinput\sQi_right)
x 579 550 783 553 4 10 OUTPUT\sMove_R\s(to\sright\sneighbor's\sMove_L
x 11 486 42 489 4 10 D_next
x 124 482 134 485 4 10 Qi
x 580 654 753 657 4 10 INPUT\sQi_right\s(state\sof\sright\sneighbor)
x -439 841 -197 844 4 10 INPUT\sMove_L\s(left\stile\swants\sto\spush\san\sitem\sinto\sme)
162 192 496 192 400 2 default-led 1 0 0 0.01
L -256 880 -352 880 0 0 false 5 0
R 32 528 -112 528 1 2 100 2.5 2.5 0 0.5
I 432 672 336 672 0 0.5 5
152 512 816 624 816 0 2 0 5
150 336 800 432 800 0 2 0 5
150 336 560 432 560 0 2 0 5
155 32 496 48 496 0 0
L 2576 672 2656 672 0 0 false 5 0
x 2570 643 2696 646 4 10 DUMMY\sOCCUPIED\sSTATE
w 2176 672 2576 672 0
